DataStructure,SampleSize,EnqueueTime,PtTime,DequeueTime
OrderedArrayRQ,100,0.007785245,0.005248797,0.002684944
OrderedArrayRQ,100,0.003415327,0.005208713,0.002059932
OrderedArrayRQ,100,0.003266806,0.005086868,0.002315447
OrderedArrayRQ,100,0.003514107,0.005168284,0.002116269
OrderedArrayRQ,100,0.003566653,0.005350073,0.002443134
OrderedArrayRQ,100,0.003499277,0.004936829,0.002068849
OrderedArrayRQ,100,0.003407288,0.005115643,0.002618681
OrderedArrayRQ,100,0.003258778,0.005153687,0.002292896
OrderedArrayRQ,100,0.003531193,0.005727443,0.002882015
OrderedArrayRQ,100,0.003389356,0.005539737,0.002583806
OrderedArrayRQ,200,0.005206154,0.009686213,0.002635355
OrderedArrayRQ,200,0.00529991,0.009702182,0.002991968
OrderedArrayRQ,200,0.005178611,0.009854116,0.003083396
OrderedArrayRQ,200,0.005486406,0.009944397,0.003432226
OrderedArrayRQ,200,0.005206277,0.010037156,0.002790825
OrderedArrayRQ,200,0.005517106,0.009919916,0.002820433
OrderedArrayRQ,200,0.006003293,0.011651466,0.003666993
OrderedArrayRQ,200,0.005466433,0.009211209,0.002592435
OrderedArrayRQ,200,0.005106414,0.010376583,0.002642591
OrderedArrayRQ,200,0.005682964,0.009433007,0.002569323
OrderedArrayRQ,500,0.010075427,0.017942291,0.004618337
OrderedArrayRQ,500,0.01018366,0.01843112,0.004993455
OrderedArrayRQ,500,0.0105461,0.018625988,0.004778261
OrderedArrayRQ,500,0.010089221,0.018453716,0.004656409
OrderedArrayRQ,500,0.010345722,0.01834427,0.004663051
OrderedArrayRQ,500,0.010757251,0.018201642,0.004766688
OrderedArrayRQ,500,0.010487522,0.018154471,0.004799275
OrderedArrayRQ,500,0.009543392,0.017526958,0.004704575
OrderedArrayRQ,500,0.009745456,0.018256822,0.00470797
OrderedArrayRQ,500,0.010652605,0.018311649,0.004582034
OrderedArrayRQ,1000,0.014568313,0.036961832,0.011052135
OrderedArrayRQ,1000,0.017199248,0.037216136,0.011112482
OrderedArrayRQ,1000,0.015404018,0.036388711,0.010845496
OrderedArrayRQ,1000,0.015015441,0.036313498,0.011124194
OrderedArrayRQ,1000,0.017035713,0.038714471,0.011653216
OrderedArrayRQ,1000,0.01573984,0.036294442,0.010660356
OrderedArrayRQ,1000,0.014761792,0.036935045,0.010846865
OrderedArrayRQ,1000,0.015039344,0.036472374,0.011061379
OrderedArrayRQ,1000,0.016278522,0.038516271,0.011494533
OrderedArrayRQ,1000,0.015117381,0.036970499,0.011432829
OrderedArrayRQ,2000,0.032586252,0.077249112,0.019519014
OrderedArrayRQ,2000,0.035181989,0.076023265,0.019269282
OrderedArrayRQ,2000,0.028000541,0.078175842,0.019592704
OrderedArrayRQ,2000,0.03608589,0.078000692,0.01976642
OrderedArrayRQ,2000,0.030622615,0.076908356,0.020126332
OrderedArrayRQ,2000,0.030621568,0.077830996,0.019445022
OrderedArrayRQ,2000,0.028094024,0.075798704,0.019164297
OrderedArrayRQ,2000,0.034729407,0.077735175,0.019668783
OrderedArrayRQ,2000,0.028457851,0.077565027,0.019328875
OrderedArrayRQ,2000,0.036825691,0.079205444,0.01928384
OrderedArrayRQ,5000,0.063062113,0.305829111,0.043327097
OrderedArrayRQ,5000,0.057412047,0.314531275,0.043047038
OrderedArrayRQ,5000,0.056897417,0.31837424,0.044819666
OrderedArrayRQ,5000,0.065247268,0.322017059,0.04360473
OrderedArrayRQ,5000,0.060355278,0.309974186,0.043398688
OrderedArrayRQ,5000,0.064349224,0.310943471,0.043908801
OrderedArrayRQ,5000,0.058756659,0.309545506,0.044095093
OrderedArrayRQ,5000,0.064484865,0.314672894,0.044088594
OrderedArrayRQ,5000,0.066574993,0.316788649,0.052292335
OrderedArrayRQ,5000,0.063704851,0.309723172,0.042902707
OrderedArrayRQ,7500,0.10302512,0.878765873,0.077991959
OrderedArrayRQ,7500,0.105136774,0.879114675,0.078197722
OrderedArrayRQ,7500,0.099394066,0.893772454,0.079036939
OrderedArrayRQ,7500,0.102829492,0.915706401,0.078321744
OrderedArrayRQ,7500,0.106093239,0.880046385,0.079077401
OrderedArrayRQ,7500,0.104149775,0.888805463,0.078844861
OrderedArrayRQ,7500,0.096351236,0.877288499,0.077613689
OrderedArrayRQ,7500,0.098353368,0.913723579,0.078268491
OrderedArrayRQ,7500,0.102758619,0.878021019,0.077844106
OrderedArrayRQ,7500,0.104320325,0.89568887,0.078775199
OrderedArrayRQ,9000,0.129913087,1.327733476,0.105731283
OrderedArrayRQ,9000,0.138837161,1.252840483,0.105911513
OrderedArrayRQ,9000,0.132929766,1.280701253,0.103325041
OrderedArrayRQ,9000,0.129961862,1.30197262,0.105471172
OrderedArrayRQ,9000,0.132735283,1.315867312,0.106034801
OrderedArrayRQ,9000,0.130020366,1.269564524,0.105882711
OrderedArrayRQ,9000,0.129950127,1.284750722,0.107338658
OrderedArrayRQ,9000,0.132294145,1.268869668,0.106304571
OrderedArrayRQ,9000,0.130607648,1.249174857,0.106171459
OrderedArrayRQ,9000,0.13581215,1.288192348,0.10514343
OrderedArrayRQ,10000,0.149998964,1.573908651,0.124630101
OrderedArrayRQ,10000,0.152059903,1.540816947,0.12472894
OrderedArrayRQ,10000,0.150174716,1.56978757,0.124486205
OrderedArrayRQ,10000,0.149331593,1.603683452,0.125744139
OrderedArrayRQ,10000,0.149218385,1.573274243,0.127133302
OrderedArrayRQ,10000,0.150280238,1.54701527,0.134463896
OrderedArrayRQ,10000,0.144483784,1.57712755,0.126800261
OrderedArrayRQ,10000,0.153287167,1.554621923,0.123914619
OrderedArrayRQ,10000,0.14885397,1.611157508,0.128201846
OrderedArrayRQ,10000,0.154534414,1.564891193,0.126905936
OrderedArrayRQ,15000,0.257549306,3.092077143,0.23232055
OrderedArrayRQ,15000,0.251311636,3.087952934,0.222380742
OrderedArrayRQ,15000,0.258559875,3.13074357,0.249786622
OrderedArrayRQ,15000,0.252715521,3.081228576,0.229505756
OrderedArrayRQ,15000,0.24803875,3.047935063,0.23705015
OrderedArrayRQ,15000,0.262035556,3.090120712,0.235069808
OrderedArrayRQ,15000,0.259526343,3.087177427,0.229724701
OrderedArrayRQ,15000,0.250889814,3.042658961,0.235911209
OrderedArrayRQ,15000,0.254570207,3.090784034,0.269296717
OrderedArrayRQ,15000,0.255316481,3.062796027,0.233291462
OrderedArrayRQ,20000,0.47240138,3.266596666,0.382402485
OrderedArrayRQ,20000,0.48145536,3.319528056,0.385676365
OrderedArrayRQ,20000,0.469025944,3.35230881,0.451566708
OrderedArrayRQ,20000,0.471883286,3.303442668,0.376907896
OrderedArrayRQ,20000,0.500857608,3.297863581,0.387044469
OrderedArrayRQ,20000,0.467972657,3.298556647,0.38040898
OrderedArrayRQ,20000,0.464142915,3.334670607,0.38584044
OrderedArrayRQ,20000,0.461810515,3.35642124,0.380484888
OrderedArrayRQ,20000,0.467264811,3.274703243,0.379040745
OrderedArrayRQ,20000,0.467330918,3.292334807,0.386281496
OrderedArrayRQ,30000,0.963570114,5.698366301,0.799119862
OrderedArrayRQ,30000,0.948631633,5.742981229,0.801371618
OrderedArrayRQ,30000,0.970217458,5.84142602,0.812228692
OrderedArrayRQ,30000,0.95630632,5.813862981,0.821280462
OrderedArrayRQ,30000,0.964918062,5.841859324,0.803559193
OrderedArrayRQ,30000,0.961200018,5.859243335,0.80224521
OrderedArrayRQ,30000,0.962346049,5.720373943,0.933429172
OrderedArrayRQ,30000,0.96713062,5.730784778,0.800208843
OrderedArrayRQ,30000,1.029829658,5.88943896,0.804033495
OrderedArrayRQ,30000,0.966541619,5.724005944,0.816240009
OrderedArrayRQ,50000,2.49783774,18.614080077,2.143312383
OrderedArrayRQ,50000,2.513233792,18.661380255,2.136481239
OrderedArrayRQ,50000,2.509134165,18.156836122,2.128875189
OrderedArrayRQ,50000,2.478583349,18.063605677,2.104057599
OrderedArrayRQ,50000,2.51836303,19.408521822,2.173178128
OrderedArrayRQ,50000,2.505531756,18.452810504,2.105872193
OrderedArrayRQ,50000,2.49733441,18.170799805,2.165077182
OrderedArrayRQ,50000,2.547974965,18.986430806,2.143924687
OrderedArrayRQ,50000,2.530522375,19.650973942,2.163246398
OrderedArrayRQ,50000,2.534483327,19.17407144,2.504355589
OrderedLinkedListRQ,100,0.00719934,0.004633662,0.002136535
OrderedLinkedListRQ,100,0.002701274,0.004781821,0.002076438
OrderedLinkedListRQ,100,0.002712227,0.004670164,0.002066632
OrderedLinkedListRQ,100,0.002469625,0.004078992,0.002046321
OrderedLinkedListRQ,100,0.002772116,0.00460038,0.002177525
OrderedLinkedListRQ,100,0.002914115,0.004975817,0.002132782
OrderedLinkedListRQ,100,0.002879391,0.004498453,0.001856247
OrderedLinkedListRQ,100,0.003290371,0.004875083,0.002986154
OrderedLinkedListRQ,100,0.002738602,0.004775148,0.002050767
OrderedLinkedListRQ,100,0.002642484,0.004506538,0.002374126
OrderedLinkedListRQ,200,0.004529747,0.008759884,0.002517827
OrderedLinkedListRQ,200,0.004513306,0.008999208,0.002341011
OrderedLinkedListRQ,200,0.004852544,0.008778688,0.002282747
OrderedLinkedListRQ,200,0.005436075,0.010564628,0.001988958
OrderedLinkedListRQ,200,0.00465696,0.008897798,0.002387925
OrderedLinkedListRQ,200,0.004856362,0.009112176,0.002226727
OrderedLinkedListRQ,200,0.00450679,0.008979326,0.002411131
OrderedLinkedListRQ,200,0.004458904,0.009052885,0.00263657
OrderedLinkedListRQ,200,0.004504834,0.00894139,0.002564834
OrderedLinkedListRQ,200,0.005028287,0.008529369,0.002470182
OrderedLinkedListRQ,500,0.007563498,0.017914714,0.002913733
OrderedLinkedListRQ,500,0.007689194,0.018100149,0.002935063
OrderedLinkedListRQ,500,0.007834268,0.018390598,0.00309193
OrderedLinkedListRQ,500,0.007606131,0.018923688,0.002942099
OrderedLinkedListRQ,500,0.00796052,0.018051811,0.002970495
OrderedLinkedListRQ,500,0.009926415,0.021508134,0.003094636
OrderedLinkedListRQ,500,0.007846912,0.018494232,0.00294407
OrderedLinkedListRQ,500,0.007906938,0.018680093,0.003024341
OrderedLinkedListRQ,500,0.007569297,0.018275768,0.002918001
OrderedLinkedListRQ,500,0.008032318,0.018435794,0.002997416
OrderedLinkedListRQ,1000,0.012027953,0.035601406,0.004597873
OrderedLinkedListRQ,1000,0.011782896,0.035125268,0.004402379
OrderedLinkedListRQ,1000,0.011797712,0.03501838,0.004633701
OrderedLinkedListRQ,1000,0.011955009,0.034958579,0.004456853
OrderedLinkedListRQ,1000,0.011495386,0.035196973,0.004572581
OrderedLinkedListRQ,1000,0.012278301,0.034889292,0.004549466
OrderedLinkedListRQ,1000,0.011889181,0.034516752,0.004439705
OrderedLinkedListRQ,1000,0.012288079,0.034715831,0.004511101
OrderedLinkedListRQ,1000,0.011844665,0.034245237,0.004486097
OrderedLinkedListRQ,1000,0.011935709,0.035234053,0.00487902
OrderedLinkedListRQ,2000,0.020255693,0.075790476,0.0078029
OrderedLinkedListRQ,2000,0.019683246,0.075570719,0.008204327
OrderedLinkedListRQ,2000,0.019148712,0.074943642,0.008065594
OrderedLinkedListRQ,2000,0.019259573,0.07637088,0.008270448
OrderedLinkedListRQ,2000,0.019874559,0.077037341,0.008269106
OrderedLinkedListRQ,2000,0.019689045,0.074785486,0.008074741
OrderedLinkedListRQ,2000,0.019724403,0.075617958,0.008389811
OrderedLinkedListRQ,2000,0.020913039,0.07620803,0.010017285
OrderedLinkedListRQ,2000,0.019680905,0.076179168,0.008204491
OrderedLinkedListRQ,2000,0.019322484,0.074928977,0.008052759
OrderedLinkedListRQ,5000,0.0674508,0.344681809,0.014532364
OrderedLinkedListRQ,5000,0.066222039,0.334637428,0.01481621
OrderedLinkedListRQ,5000,0.102483268,0.347823159,0.014636209
OrderedLinkedListRQ,5000,0.067473896,0.343970243,0.01382797
OrderedLinkedListRQ,5000,0.067240049,0.333163577,0.01480129
OrderedLinkedListRQ,5000,0.066272976,0.344342719,0.013687266
OrderedLinkedListRQ,5000,0.0683847,0.344650243,0.014815683
OrderedLinkedListRQ,5000,0.068341788,0.345051747,0.014827231
OrderedLinkedListRQ,5000,0.068190832,0.347837538,0.014300674
OrderedLinkedListRQ,5000,0.065876193,0.345251163,0.014314043
OrderedLinkedListRQ,7500,0.162985734,0.753709418,0.02079768
OrderedLinkedListRQ,7500,0.157717894,0.728976071,0.020179036
OrderedLinkedListRQ,7500,0.161353568,0.755283291,0.019611865
OrderedLinkedListRQ,7500,0.163951695,0.755243672,0.019568355
OrderedLinkedListRQ,7500,0.154588631,0.731036984,0.019500761
OrderedLinkedListRQ,7500,0.156606052,0.730896486,0.020032849
OrderedLinkedListRQ,7500,0.161098067,0.75570899,0.019563246
OrderedLinkedListRQ,7500,0.159952742,0.751527856,0.019925655
OrderedLinkedListRQ,7500,0.16338713,0.75991989,0.020299483
OrderedLinkedListRQ,7500,0.162102133,0.756309704,0.019714412
OrderedLinkedListRQ,9000,0.223420492,1.04440697,0.024312525
OrderedLinkedListRQ,9000,0.227204604,1.079221969,0.02470211
OrderedLinkedListRQ,9000,0.231479667,1.058582658,0.022514864
OrderedLinkedListRQ,9000,0.228548967,1.076292887,0.022609972
OrderedLinkedListRQ,9000,0.230273578,1.077858027,0.023482803
OrderedLinkedListRQ,9000,0.226421183,1.077834557,0.023191864
OrderedLinkedListRQ,9000,0.229386358,1.085656078,0.022933442
OrderedLinkedListRQ,9000,0.2238794,1.037569593,0.023354731
OrderedLinkedListRQ,9000,0.232863052,1.075239928,0.023381614
OrderedLinkedListRQ,9000,0.229562015,1.055779849,0.022969992
OrderedLinkedListRQ,10000,0.28354884,1.273993206,0.024911901
OrderedLinkedListRQ,10000,0.294015055,1.325296976,0.026207942
OrderedLinkedListRQ,10000,0.295078804,1.321560341,0.02586909
OrderedLinkedListRQ,10000,0.294215807,1.322746955,0.025489989
OrderedLinkedListRQ,10000,0.295403087,1.278474793,0.024476095
OrderedLinkedListRQ,10000,0.294389227,1.326214482,0.024993079
OrderedLinkedListRQ,10000,0.293862786,1.322263687,0.02481082
OrderedLinkedListRQ,10000,0.294189263,1.321516925,0.026250007
OrderedLinkedListRQ,10000,0.29079605,1.321292974,0.025112909
OrderedLinkedListRQ,10000,0.29023706,1.289948088,0.024442079
OrderedLinkedListRQ,15000,0.693420446,3.046446811,0.039608399
OrderedLinkedListRQ,15000,0.670480608,3.041324625,0.039501747
OrderedLinkedListRQ,15000,0.691800795,3.151937119,0.039578336
OrderedLinkedListRQ,15000,0.670989269,3.073516725,0.039486052
OrderedLinkedListRQ,15000,0.691386995,3.137877303,0.039684449
OrderedLinkedListRQ,15000,0.691525669,3.15008819,0.038085226
OrderedLinkedListRQ,15000,0.666359799,3.034860669,0.039848114
OrderedLinkedListRQ,15000,0.702446687,3.127532236,0.038360749
OrderedLinkedListRQ,15000,0.691433988,3.12949996,0.039295788
OrderedLinkedListRQ,15000,0.693230184,3.141977566,0.039311496
OrderedLinkedListRQ,20000,1.217527852,5.447160094,0.051077084
OrderedLinkedListRQ,20000,1.255778133,5.585630827,0.04747938
OrderedLinkedListRQ,20000,1.256252267,5.596994402,0.051345434
OrderedLinkedListRQ,20000,1.255117843,5.600478002,0.047874862
OrderedLinkedListRQ,20000,1.25779007,5.608335132,0.050647439
OrderedLinkedListRQ,20000,1.214124723,5.419315385,0.046736789
OrderedLinkedListRQ,20000,1.212052374,5.450549867,0.052162095
OrderedLinkedListRQ,20000,1.255764639,5.54270019,0.051658815
OrderedLinkedListRQ,20000,1.219672194,5.585185898,0.049171182
OrderedLinkedListRQ,20000,1.218100009,5.445171241,0.047090967
OrderedLinkedListRQ,30000,2.925423806,12.723207853,0.071010756
OrderedLinkedListRQ,30000,2.944774257,12.813742886,0.066981552
OrderedLinkedListRQ,30000,2.919657959,12.743911886,0.063787405
OrderedLinkedListRQ,30000,2.92069467,12.718549133,0.067077897
OrderedLinkedListRQ,30000,2.929259614,12.819491764,0.068385018
OrderedLinkedListRQ,30000,2.8360066,12.291862926,0.072111909
OrderedLinkedListRQ,30000,2.816148685,12.330802105,0.066337531
OrderedLinkedListRQ,30000,2.928652736,12.711295077,0.065812717
OrderedLinkedListRQ,30000,2.832835487,12.351531555,0.065621817
OrderedLinkedListRQ,30000,2.927360546,12.808844867,0.066547409
OrderedLinkedListRQ,50000,8.274154081,34.31346355,0.103106139
OrderedLinkedListRQ,50000,8.280595742,34.370743837,0.106548887
OrderedLinkedListRQ,50000,7.939279424,32.853758499,0.108210512
OrderedLinkedListRQ,50000,8.310459243,33.397926024,0.115197962
OrderedLinkedListRQ,50000,8.289064813,34.435469672,0.110826441
OrderedLinkedListRQ,50000,8.34568212,34.259076163,0.108399888
OrderedLinkedListRQ,50000,7.969724494,32.93480263,0.109119118
OrderedLinkedListRQ,50000,8.047692375,34.068816381,0.105675083
OrderedLinkedListRQ,50000,8.315870771,34.399928477,0.102548353
OrderedLinkedListRQ,50000,8.310856392,34.267525221,0.099047756
BinarySearchTreeRQ,100,0.007920688,0.004176319,0.002168706
BinarySearchTreeRQ,100,0.003390487,0.00421327,0.0023005
BinarySearchTreeRQ,100,0.003169258,0.004037797,0.002466636
BinarySearchTreeRQ,100,0.003311595,0.004071949,0.00248978
BinarySearchTreeRQ,100,0.003328806,0.004097754,0.002354891
BinarySearchTreeRQ,100,0.003250429,0.004076088,0.002282387
BinarySearchTreeRQ,100,0.003428743,0.004131603,0.002288296
BinarySearchTreeRQ,100,0.0034061,0.004146597,0.002176847
BinarySearchTreeRQ,100,0.003262567,0.004125669,0.002351899
BinarySearchTreeRQ,100,0.003452604,0.004196314,0.002213739
BinarySearchTreeRQ,200,0.004956277,0.007953163,0.002629575
BinarySearchTreeRQ,200,0.004855673,0.008021223,0.002746153
BinarySearchTreeRQ,200,0.005860611,0.009551626,0.002787734
BinarySearchTreeRQ,200,0.005235183,0.008103958,0.002612005
BinarySearchTreeRQ,200,0.00476326,0.008138678,0.00272373
BinarySearchTreeRQ,200,0.005017141,0.007502941,0.00318746
BinarySearchTreeRQ,200,0.004890956,0.007786822,0.002801036
BinarySearchTreeRQ,200,0.004863294,0.00791889,0.002599926
BinarySearchTreeRQ,200,0.005043703,0.007904774,0.002643634
BinarySearchTreeRQ,200,0.004997194,0.007879734,0.002708842
BinarySearchTreeRQ,500,0.00886457,0.015136579,0.003796884
BinarySearchTreeRQ,500,0.008177362,0.015368067,0.004026188
BinarySearchTreeRQ,500,0.00875958,0.014923265,0.003825436
BinarySearchTreeRQ,500,0.008399772,0.014976284,0.003735524
BinarySearchTreeRQ,500,0.00835113,0.014626332,0.003938105
BinarySearchTreeRQ,500,0.008921062,0.014977345,0.003797156
BinarySearchTreeRQ,500,0.009736558,0.015409149,0.004194075
BinarySearchTreeRQ,500,0.008870887,0.0147808,0.003840086
BinarySearchTreeRQ,500,0.010875752,0.016566793,0.004091126
BinarySearchTreeRQ,500,0.011492283,0.016323906,0.004111975
BinarySearchTreeRQ,1000,0.011220581,0.036451891,0.00537943
BinarySearchTreeRQ,1000,0.011956878,0.037152842,0.00531188
BinarySearchTreeRQ,1000,0.010611335,0.036125952,0.005264365
BinarySearchTreeRQ,1000,0.010609333,0.036103824,0.005520465
BinarySearchTreeRQ,1000,0.012601625,0.038019784,0.005981406
BinarySearchTreeRQ,1000,0.012970392,0.038199462,0.006028876
BinarySearchTreeRQ,1000,0.010893374,0.03627615,0.005592552
BinarySearchTreeRQ,1000,0.010673983,0.035721564,0.005287153
BinarySearchTreeRQ,1000,0.010908965,0.036936264,0.005122189
BinarySearchTreeRQ,1000,0.011174163,0.036549432,0.005116379
BinarySearchTreeRQ,2000,0.01405712,0.109921406,0.008682358
BinarySearchTreeRQ,2000,0.013907966,0.11183486,0.009182592
BinarySearchTreeRQ,2000,0.014224037,0.110350256,0.008701971
BinarySearchTreeRQ,2000,0.014382014,0.109157338,0.008776749
BinarySearchTreeRQ,2000,0.014073826,0.109186176,0.009249583
BinarySearchTreeRQ,2000,0.014270287,0.112987799,0.008935743
BinarySearchTreeRQ,2000,0.014860612,0.110450882,0.008923401
BinarySearchTreeRQ,2000,0.015195066,0.110203872,0.008984968
BinarySearchTreeRQ,2000,0.014080527,0.106353188,0.009333784
BinarySearchTreeRQ,2000,0.014790794,0.109447286,0.008749614
BinarySearchTreeRQ,5000,0.021947736,0.581110616,0.015545164
BinarySearchTreeRQ,5000,0.021948572,0.587647273,0.015618489
BinarySearchTreeRQ,5000,0.021669692,0.597755666,0.015597213
BinarySearchTreeRQ,5000,0.021852697,0.568279099,0.016385374
BinarySearchTreeRQ,5000,0.021924793,0.587926312,0.015583735
BinarySearchTreeRQ,5000,0.021832343,0.58545385,0.015248463
BinarySearchTreeRQ,5000,0.021701399,0.587796694,0.01522647
BinarySearchTreeRQ,5000,0.021425737,0.583749906,0.015685614
BinarySearchTreeRQ,5000,0.021607508,0.567053231,0.014896451
BinarySearchTreeRQ,5000,0.021726144,0.58436795,0.015801782
BinarySearchTreeRQ,7500,0.02615778,1.245201293,0.021014159
BinarySearchTreeRQ,7500,0.031305639,1.273332658,0.021264272
BinarySearchTreeRQ,7500,0.026484607,1.256961135,0.021252296
BinarySearchTreeRQ,7500,0.025409765,1.209189568,0.021066826
BinarySearchTreeRQ,7500,0.027459651,1.249722059,0.021387226
BinarySearchTreeRQ,7500,0.026524301,1.242852778,0.021268962
BinarySearchTreeRQ,7500,0.025766161,1.243209717,0.021228978
BinarySearchTreeRQ,7500,0.026363345,1.20846284,0.022223231
BinarySearchTreeRQ,7500,0.026353392,1.239575058,0.020378291
BinarySearchTreeRQ,7500,0.02597606,1.236736218,0.021671734
BinarySearchTreeRQ,9000,0.028408259,1.732920866,0.025623131
BinarySearchTreeRQ,9000,0.028717282,1.787280529,0.026010523
BinarySearchTreeRQ,9000,0.0285587,1.73133533,0.027689723
BinarySearchTreeRQ,9000,0.02802708,1.783880601,0.025911499
BinarySearchTreeRQ,9000,0.029088549,1.679969665,0.026030743
BinarySearchTreeRQ,9000,0.028990799,1.779947345,0.024711522
BinarySearchTreeRQ,9000,0.028049632,1.771847683,0.0261103
BinarySearchTreeRQ,9000,0.028183704,1.792614971,0.025201554
BinarySearchTreeRQ,9000,0.028621742,1.790010528,0.026279415
BinarySearchTreeRQ,9000,0.028783542,1.726868634,0.025557109
BinarySearchTreeRQ,10000,0.030107733,2.162069592,0.02857003
BinarySearchTreeRQ,10000,0.030801455,2.131969959,0.029434709
BinarySearchTreeRQ,10000,0.029489639,2.116067083,0.029621768
BinarySearchTreeRQ,10000,0.029509259,2.085701865,0.028059973
BinarySearchTreeRQ,10000,0.030691053,2.156625778,0.030216785
BinarySearchTreeRQ,10000,0.029762408,2.120546373,0.028934479
BinarySearchTreeRQ,10000,0.031955613,2.15134426,0.029933984
BinarySearchTreeRQ,10000,0.03009764,2.04274621,0.028197494
BinarySearchTreeRQ,10000,0.030511621,2.119121704,0.029725091
BinarySearchTreeRQ,10000,0.030319909,2.071939692,0.029325667
BinarySearchTreeRQ,15000,0.040805789,5.042282658,0.039958438
BinarySearchTreeRQ,15000,0.038816472,5.149497571,0.041818022
BinarySearchTreeRQ,15000,0.039187267,5.150954246,0.040065486
BinarySearchTreeRQ,15000,0.037807604,5.172354489,0.040221973
BinarySearchTreeRQ,15000,0.038090465,5.177157472,0.042132681
BinarySearchTreeRQ,15000,0.038384279,5.176769702,0.041126559
BinarySearchTreeRQ,15000,0.038145071,5.068035561,0.039572491
BinarySearchTreeRQ,15000,0.038633421,5.189307069,0.0431939
BinarySearchTreeRQ,15000,0.037738339,5.009840485,0.041878521
BinarySearchTreeRQ,15000,0.038249961,5.020876465,0.041232598
BinarySearchTreeRQ,20000,0.046059467,9.325430525,0.054128118
BinarySearchTreeRQ,20000,0.045336162,9.234582131,0.053200104
BinarySearchTreeRQ,20000,0.046737023,9.348279053,0.056040904
BinarySearchTreeRQ,20000,0.045927339,9.31851912,0.05322652
BinarySearchTreeRQ,20000,0.046004338,9.203619627,0.056196092
BinarySearchTreeRQ,20000,0.04534485,9.208740438,0.052539895
BinarySearchTreeRQ,20000,0.045898557,9.350054283,0.054512961
BinarySearchTreeRQ,20000,0.047585499,9.201888874,0.055547187
BinarySearchTreeRQ,20000,0.045873684,9.368489839,0.050634733
BinarySearchTreeRQ,20000,0.046816101,9.364846548,0.053075217
BinarySearchTreeRQ,30000,0.058982918,20.533500875,0.07263089
BinarySearchTreeRQ,30000,0.061638671,20.447434803,0.071137764
BinarySearchTreeRQ,30000,0.064860562,20.11565013,0.085911557
BinarySearchTreeRQ,30000,0.061363111,20.028668869,0.073299436
BinarySearchTreeRQ,30000,0.060246448,19.932700847,0.073186244
BinarySearchTreeRQ,30000,0.060668888,20.630935421,0.069417631
BinarySearchTreeRQ,30000,0.059360244,20.585461519,0.069986243
BinarySearchTreeRQ,30000,0.061172751,20.501464697,0.073249205
BinarySearchTreeRQ,30000,0.059233237,20.353858952,0.073021423
BinarySearchTreeRQ,30000,0.05954738,20.516691901,0.069811058
BinarySearchTreeRQ,50000,0.085141864,50.209425548,0.108683296
BinarySearchTreeRQ,50000,0.084492717,50.03482658,0.116741371
BinarySearchTreeRQ,50000,0.085137683,49.801868796,0.124156912
BinarySearchTreeRQ,50000,0.077350041,50.082443437,0.11181481
BinarySearchTreeRQ,50000,0.078388521,49.904568024,0.111483648
BinarySearchTreeRQ,50000,0.076643351,51.643329562,0.111062449
BinarySearchTreeRQ,50000,0.077257507,51.461770813,0.115703174
BinarySearchTreeRQ,50000,0.077331226,51.567942011,0.120300054
BinarySearchTreeRQ,50000,0.083125662,51.706150611,0.112509458
BinarySearchTreeRQ,50000,0.084591418,51.72641908,0.112409506
OrderedArrayRQ,500,0.008881686,0.026906996,0.005596081
